  0.10000000000000001        7.7663250298199387E-010
  0.10839269140212036        8.1391064527399367E-010
  0.11748975549395296        8.5077576662815809E-010
  0.12735030810166617        8.8765855700645881E-010
  0.13803842646028849        9.2460583455069662E-010
  0.14962356560944334        9.6006079266627742E-010
  0.16218100973589300        9.9461420861242363E-010
  0.17579236139586926        1.0263476667745772E-009
  0.19054607179632474        1.0571382351118911E-009
  0.20653801558105297        1.0861464121423895E-009
  0.22387211385683400        1.1118084434819996E-009
  0.24266100950824154        1.1367583535327788E-009
  0.26302679918953825        1.1592828907030735E-009
  0.28510182675039103        1.1770414933292292E-009
  0.30902954325135912        1.1929069916519798E-009
  0.33496543915782773        1.2075043227800079E-009
  0.36307805477010141        1.2179841256309765E-009
  0.39355007545577764        1.2280636734803833E-009
  0.42657951880159284        1.2345741123243698E-009
  0.46238102139926035        1.2377447353400705E-009
  0.50118723362727247        1.2416551205350949E-009
  0.54325033149243340        1.2428373805665845E-009
  0.58884365535558902        1.2414432411615398E-009
  0.63826348619054873        1.2376571574114708E-009
  0.69183097091893664        1.2317128375484578E-009
  0.74989420933245599        1.2237886325187595E-009
  0.81283051616409951        1.2184694277472273E-009
  0.88104887300801427        1.2116623973126421E-009
  0.95499258602143622        1.1990424700947313E-009
   1.0351421666793443        1.1896424873323199E-009
   1.1220184543019638        1.1791988032707750E-009
   1.2161860006463687        1.1632706170239983E-009
   1.3182567385564072        1.1510522701525648E-009
   1.4288939585111029        1.1381508476857576E-009
   1.5488166189124821        1.1246191378022778E-009
   1.6788040181225610        1.1106018936887416E-009
   1.8197008586099845        1.0961837468227974E-009
   1.9724227361148545        1.0769866485573192E-009
   2.1379620895022327        1.0619284068857494E-009
   2.3173946499684797        1.0467265316663241E-009
   2.5118864315095810        1.0313639015098725E-009
   2.7227013080779132        1.0158885986281746E-009
   2.9512092266663870        1.0003299451775188E-009
   3.1988951096913993        9.8475992033279014E-010
   3.4673685045253166        9.6927790125168447E-010
   3.7583740428844430        9.5373576251359673E-010
   4.0738027780411281        9.3833361074314708E-010
   4.4157044735331281        9.2301672002553957E-010
   4.7863009232263849        9.0776746367029097E-010
   5.1880003892896118        8.9267780059644859E-010
   5.6234132519034938        8.7773918977730284E-010
   6.0953689724016948        8.6297521777581479E-010
   6.6069344800759646        8.4840014375697048E-010
   7.1614341021290242        8.3398819423834435E-010
   7.7624711662869208        8.1969171060523302E-010
   8.4139514164519547        8.0566114875750683E-010
   9.1201083935591019        7.9190099142014575E-010
   9.8855309465693910        7.7815779222750972E-010
   10.715193052376071        7.6484129042456935E-010
   11.614486138403439        7.5149148207202016E-010
   12.589254117941675        7.3863845510825218E-010
   13.645831365889254        7.2567320821075753E-010
   14.791083881682088        7.1313735084348792E-010
   16.032453906900418        7.0079167193444852E-010
   17.378008287493763        6.8851942631191459E-010
   18.836490894898020        6.7662996754820631E-010
   20.417379446695296        6.6498254777630607E-010
   22.130947096056392        6.5328505983389453E-010
   23.988329190194925        6.4190986959553923E-010
   26.001595631652723        6.3085935644227475E-010
   28.183829312644551        6.2013932730877047E-010
   30.549211132155158        6.0922890866941348E-010
   33.113112148259148        5.9857515953257943E-010
   35.892193464500536        5.8818380509127754E-010
   38.904514499428089        5.7805366745192151E-010
   42.169650342858269        5.6818638276371794E-010
   45.708818961487516        5.5858410324233305E-010
   49.545019080479065        5.4903480713837698E-010
   53.703179637025329        5.3946638906133658E-010
   58.210321777087159        5.3009915377460649E-010
   63.095734448019371        5.2093059535805510E-010
   68.391164728142996        5.1195598488814384E-010
   74.131024130091774        5.0317036295522214E-010
   80.352612218561774        4.9457237671825391E-010
   87.096358995608156        4.8615581216376392E-010
   94.406087628592374        4.7791780876759395E-010
   102.32929922807547        4.6985330207063553E-010
   110.91748152624021        4.6195815698246146E-010
   120.22644346174133        4.5422558125391642E-010
   130.31667784523000        4.4665228354117388E-010
   141.25375446227554        4.3923007337929708E-010
   153.10874616820323        4.3195509138528555E-010
   165.95869074375616        4.2449699853049240E-010
   179.88709151287892        4.1709081899948280E-010
   194.98445997580475        4.0976112296282479E-010
   211.34890398366480        4.0250105105008984E-010
   229.08676527677750        3.9530621907366118E-010
   248.31331052955733        3.8817329169995784E-010
   269.15348039269168        3.8110200700442804E-010
   291.74270140011691        3.7409467678844047E-010
   316.22776601683830        3.6715653389066614E-010
   342.76778654645045        3.6029149684871304E-010
   371.53522909717282        3.5350707288288788E-010
   402.71703432545957        3.4681211984997968E-010
   436.51583224016662        3.4021394489529915E-010
   473.15125896148078        3.3372120142842447E-010
   512.86138399136541        3.2734069372793960E-010
   555.90425727040429        3.2107895419369659E-010
   602.55958607435809        3.1494095456574818E-010
   653.13055264747288        3.0893006921654285E-010
   707.94578438413885        3.0304729039498875E-010
   767.36148936181939        2.9729031180879522E-010
   831.76377110267174        2.9165564932095184E-010
   901.57113760595803        2.8613311759990869E-010
   977.23722095581138        2.8070709345268752E-010
   1059.2537251772899        2.7535410850708685E-010
   1148.1536214968842        2.7004431664207017E-010
   1244.5146117713871        2.6473630135826057E-010
   1348.9628825916564        2.5938351250239605E-010
   1462.1771744567184        2.5393554954226315E-010
   1584.8931924611140        2.4834199383909424E-010
   1717.9083871575895        2.4255986773191220E-010
   1862.0871366628694        2.3655943732121218E-010
   2018.3663636815641        2.3032823318527652E-010
   2187.7616239495565        2.2387346533580056E-010
   2371.3737056616555        2.1722223522764437E-010
   2570.3957827688646        2.1041712485411098E-010
   2786.1211686297725        2.0350444753172701E-010
   3019.9517204020194        1.9653233201007084E-010
   3273.4069487883862        1.8953388113793612E-010
   3548.1338923357607        1.8252296190055955E-010
   3845.9178204535433        1.7548972256574908E-010
   4168.6938347033556        1.6840030282969745E-010
   4518.5594437492264        1.6120750451172449E-010
   4897.7881936844669        1.5385893489772257E-010
   5308.8444423098908        1.4631509622390102E-010
   5754.3993733715779        1.3856153982689493E-010
   6237.3483548242039        1.3061460674221237E-010
   6760.8297539198193        1.2252399523333777E-010
   7328.2453313890455        1.1436156218923665E-010
   7943.2823472428217        1.0620767624572427E-010
   8609.9375218460173        9.8137893696491079E-011
   9332.5430079699254        9.0211191928890844E-011
   10115.794542599006        8.2470183989529655E-011
   10964.781961431874        7.4947694298055351E-011
   11885.022274370189        6.7676549666778166E-011
   12882.495516931349        6.0700294682380458E-011
   13963.683610559394        5.4076649801857777E-011
   15135.612484362102        4.7872881010096574E-011
   16405.897731995421        4.2154777296992474E-011
   17782.794100389267        3.6972994288130665E-011
   19275.249131909368        3.2352903721982560E-011
   20892.961308540409        2.8291711550190841E-011
   22646.443075930620        2.4761457121787493E-011
   24547.089156850339        2.1716649050266795E-011
   26607.250597988139        1.9102114653104995E-011
   28840.315031266116        1.6860712334271635E-011
   31260.793671239560        1.4937597616818267E-011
   33884.415613920275        1.3283430388595741E-011
   36728.230049808502        1.1855498705367579E-011
   39810.717055349778        1.0617511364027310E-011
   43151.907682776597        9.5393743988840599E-012
   46773.514128719908        8.5960326743124703E-012
   50699.070827470554        7.7665510557403076E-012
   54954.087385762483        7.0331333704627510E-012
   59566.214352901101        6.3802387772078125E-012
   64565.422903465638        5.7934176305845819E-012
   69984.199600227468        5.2582733609598667E-012
   75857.757502918525        4.7590138563175032E-012
   82224.264994707293        4.2764426847470426E-012
   89125.093813374595        3.7856074240063394E-012
   96605.087898981408        3.2540225955283494E-012
   104712.85480509007        2.6445723022599879E-012
   113501.08156723167        1.9336975487286569E-012
   123026.87708123837        1.1595794661111128E-012
   133352.14321633268        4.7959498026274310E-013
   144543.97707459281        9.8923114809590104E-014
   156675.10701081503        5.5434411634982429E-015
   169824.36524617462        2.7035555236597230E-017
   184077.20014689583        1.3584843991389085E-021
   199526.23149688830        1.2876592059504933E-029
   216271.85237270247        1.2733316894004266E-044
   234422.88153199275        1.0267141061865493E-072
   254097.27055493070        2.3930724350340007E-125
   275422.87033381691        5.4747059819679954E-224
   298538.26189179637        0.0000000000000000     
   323593.65692962881        0.0000000000000000     
   350751.87395256868        0.0000000000000000     
   380189.39632056205        0.0000000000000000     
   412097.51909733046        0.0000000000000000     
   446683.59215096349        0.0000000000000000     
   484172.36758409993        0.0000000000000000     
   524807.46024977346        0.0000000000000000     
   568852.93084384257        0.0000000000000000     
   616595.00186148356        0.0000000000000000     
   668343.91756861634        0.0000000000000000     
   724435.96007499064        0.0000000000000000     
   785235.63461007271        0.0000000000000000     
   851138.03820237762        0.0000000000000000     
   922571.42715476488        0.0000000000000000     
